000111111111111111111111111000
111100000000000000000000001111
000111100000001100000011111000
110000111111111111111111000011
001111000000000000000000111100
111111111110000000011111111111
111000011111110011111100000111
000011111000001100000111110000
111111100000000000000011111111
000011111000001100000111110000
000000111100001100001111000000
100000111111111111111111000001
000000000000111111000000000000
011111000000000000000000111110
011000000000000000000000000110
111111100011100001110011111111
000000000001111111100000000000
111111111111000000111111111111
000000000001111111100000000000
111111111111000000111111111111
111111111111110011111111111111
111111111110000000011111111111
111110000011110011110000011111
000000000000011110000000000000
000000011111111111111100000000
000000000000001100000000000000
111111111111110011111111111111
111111000000000000000000111111
011111000000000000000000111110
000000111111111111111111000000
000000000000011110000000000000
111111111111100001111111111111
000000000000001100000000000000
000001111100111111001111100000